4999
0
0
0
0
0
0
0
0
0
0
0
0
0
0
0
0
0
0
0
0
0
0
0
0
0
0
0
0
0
0
0
0
0
0
0
0
0
0
0
0
0
0
0
0
0
0
0
0
0
0
0
0
0
0
0
0
0
0
0
0
0
0
0
0
0
0
0
0
0
0
0
0
0
0
0
0
0
0
0
0
0
0
0
0
0
0
0
0
0
0
0
0
0
0
0
0
0
0
0
1
0
1
0
0
1
1
1
1
0
0
0
0
1
0
0
1
1
0
1
1
1
1
1
0
0
0
0
0
0
0
0
0
0
0
0
0
0
0
0
0
0
0
0
0
0
0
0
0
0
0
0
0
0
0
0
0
0
0
0
0
0
0
0
0
0
0
0
0
0
0
0
0
0
0
0
0
0
0
0
0
0
0
0
0
0
0
0
0
0
0
0
0
0
0
0
0
0
2
1
2
0
4
0
1
0
3
2
3
1
4
3
2
2
2
4
3
1
3
1
1
3
2
0
3
0
2
1
0
0
1
1
2
1
1
1
0
0
0
1
0
1
0
0
0
1
0
0
0
0
0
0
0
0
1
0
0
0
0
0
0
0
0
0
0
0
0
0
0
0
0
0
0
0
0
0
0
0
0
0
0
0
0
0
0
0
0
0
0
0
0
0
0
0
0
1
1
1
2
1
1
1
5
4
2
2
4
6
3
6
6
8
7
14
5
13
13
11
10
13
8
15
10
10
8
12
17
11
17
7
10
16
12
7
8
6
6
11
6
5
5
6
9
4
3
8
4
1
2
3
4
0
0
1
1
1
0
0
0
1
2
3
0
0
1
0
0
0
0
0
0
0
0
0
0
0
1
0
0
0
0
0
0
0
0
0
0
0
0
0
0
0
0
0
0
1
0
1
0
0
2
2
4
3
3
5
7
7
9
5
12
14
18
20
16
26
22
26
21
29
23
28
27
34
29
52
39
47
35
39
41
41
43
44
35
51
37
36
32
38
38
38
28
39
27
34
22
28
25
24
13
14
17
13
14
19
10
11
8
6
9
3
4
3
4
2
1
0
0
0
0
0
0
1
0
1
1
2
0
1
0
0
0
0
0
0
1
0
0
1
0
0
0
0
0
0
1
0
0
2
3
3
2
1
4
8
4
3
2
4
9
15
15
10
19
16
22
18
39
31
33
31
31
26
35
42
41
41
56
51
62
59
52
70
63
69
67
64
77
72
66
70
70
60
75
63
78
59
56
60
59
55
54
56
51
49
53
48
44
35
41
28
36
27
25
15
21
20
11
18
19
8
8
9
6
4
7
4
6
3
3
0
1
0
2
2
0
0
0
0
0
0
0
0
0
0
0
1
1
0
0
6
1
2
6
3
3
5
4
9
10
11
8
9
16
24
23
30
33
34
31
32
29
37
36
48
49
54
59
56
65
71
79
83
85
79
79
90
96
105
80
87
101
94
101
99
116
95
126
100
102
110
95
85
94
84
112
72
102
77
88
72
69
58
68
49
51
48
54
46
47
27
39
32
33
15
24
20
15
18
8
18
9
10
7
11
8
6
2
0
5
2
4
2
3
2
0
0
0
0
0
5
0
1
1
0
3
0
1
2
2
5
8
6
8
10
11
16
12
31
18
27
24
20
20
37
40
46
45
37
58
61
71
74
81
81
94
81
80
76
75
97
112
102
105
121
140
125
111
122
121
137
147
153
125
137
151
127
127
136
128
114
103
110
116
118
105
100
105
99
94
101
79
92
73
65
65
43
54
61
44
31
41
41
23
29
21
25
12
15
10
7
8
4
9
4
7
5
4
4
3
1
2
1
2
1
0
2
3
3
1
0
1
1
3
4
7
7
11
11
10
8
9
11
10
19
11
23
27
30
17
27
33
35
52
56
69
47
61
66
77
62
83
76
80
82
83
99
99
101
103
118
96
115
122
121
123
151
112
142
106
125
131
129
115
112
107
130
137
132
122
122
104
115
88
104
88
66
80
82
88
65
67
66
67
65
49
63
53
43
33
33
27
42
25
25
21
16
13
15
14
9
11
8
8
2
4
7
3
4
3
4
6
4
3
1
0
2
2
5
5
7
7
5
2
6
13
10
12
12
6
16
14
16
20
21
26
27
29
19
35
31
50
48
58
54
49
60
55
51
68
55
63
86
77
82
78
87
85
91
107
87
103
81
84
127
123
109
107
115
113
101
124
101
120
103
93
106
95
108
97
81
94
90
74
109
94
65
76
62
58
59
54
45
53
45
39
36
35
41
42
25
31
26
28
14
16
11
18
10
10
10
5
7
10
8
2
10
2
4
3
2
5
3
3
2
6
2
2
4
7
8
4
6
9
8
12
12
11
13
8
13
16
19
13
22
32
23
31
34
38
26
38
52
42
44
40
48
43
53
63
54
69
56
63
88
55
71
80
83
98
73
76
97
89
86
80
94
83
75
84
84
98
81
80
72
76
62
82
89
98
63
79
70
69
60
68
43
45
35
60
43
36
45
42
39
32
31
25
27
12
20
20
20
19
17
8
11
7
9
6
4
7
10
6
4
5
3
5
1
1
0
2
1
3
3
3
8
5
8
1
8
5
6
5
7
5
14
3
8
5
13
15
20
17
18
24
20
11
25
23
33
23
38
27
34
34
44
41
50
48
37
48
45
47
53
53
60
48
59
53
55
70
50
58
64
55
77
54
63
60
70
55
56
54
49
46
59
56
45
53
46
40
49
31
52
30
42
31
31
20
35
31
30
24
22
27
24
14
20
18
15
10
10
7
6
14
10
7
6
7
10
6
6
2
1
1
2
1
1
0
3
1
3
3
3
4
3
4
6
5
3
7
3
9
8
9
6
8
10
4
13
8
9
8
12
6
9
18
20
24
24
33
28
28
29
26
26
30
23
30
28
35
29
45
32
35
41
29
37
46
35
42
35
34
40
35
35
39
43
37
26
39
39
39
38
31
34
30
36
33
24
31
29
24
37
19
25
28
25
24
22
19
13
9
12
14
8
20
4
7
3
12
6
9
3
3
7
9
4
7
5
2
4
4
2
1
0
3
1
1
5
1
3
4
2
3
5
0
4
5
2
0
3
2
5
3
3
3
4
8
4
9
6
6
7
11
10
10
6
6
16
13
16
14
15
16
11
19
19
11
16
22
13
22
16
25
22
23
23
33
25
21
20
19
22
21
25
26
23
14
20
15
18
22
17
19
17
24
21
15
15
14
9
18
9
16
19
13
11
22
12
7
13
15
3
4
10
11
1
5
8
6
9
4
4
6
2
3
2
2
0
1
1
0
5
2
2
1
2
1
3
0
0
1
0
1
2
0
0
0
8
4
0
2
2
5
5
3
4
3
4
4
6
5
2
9
5
6
5
1
7
8
4
10
4
8
11
5
7
12
15
11
5
13
11
7
14
7
16
2
19
10
7
12
9
11
10
10
10
15
6
9
8
9
9
11
7
8
15
10
12
9
10
2
8
6
5
7
10
10
5
4
2
8
2
1
1
3
8
5
3
2
2
2
5
1
3
1
1
0
0
0
3
2
4
0
0
1
2
0
0
0
0
0
1
0
0
1
2
2
0
3
0
1
1
2
1
2
1
1
3
2
1
1
2
4
2
8
1
7
3
2
7
3
4
5
5
2
2
5
5
5
4
5
7
7
6
6
8
6
2
4
2
3
6
4
4
4
6
6
7
4
5
4
3
2
3
3
4
5
2
1
5
4
5
4
2
7
2
2
3
2
5
3
2
4
5
1
0
2
3
0
2
2
0
0
2
0
1
1
1
2
1
1
1
1
0
0
0
0
0
1
0
1
0
3
0
1
1
0
0
0
1
0
2
1
0
0
0
1
0
1
1
2
1
2
2
3
2
1
0
0
0
0
1
5
2
0
1
1
1
1
4
3
3
3
0
0
4
3
0
2
2
1
1
1
3
1
0
2
2
1
0
1
3
1
0
0
3
1
3
0
0
1
2
4
2
2
0
1
1
2
3
1
0
1
1
2
0
0
1
0
0
0
0
1
1
0
0
1
1
0
0
0
0
0
0
0
0
0
0
0
0
1
0
0
0
1
0
0
0
0
0
0
0
0
0
0
0
0
0
0
0
0
1
0
0
1
1
0
1
3
1
0
1
1
2
2
0
0
0
2
0
1
1
1
1
1
0
0
2
1
0
2
1
0
1
1
0
0
0
2
0
1
1
0
3
0
0
1
1
1
0
1
0
0
0
0
0
0
1
0
0
0
1
0
1
0
1
0
0
1
0
2
0
0
1
0
0
0
0
0
0
0
0
0
0
0
0
0
1
0
0
0
0
0
0
0
0
0
0
0
0
0
0
3
1
0
0
0
0
0
0
1
0
0
0
0
0
0
0
0
0
0
0
0
0
0
0
1
0
0
0
0
0
0
1
0
0
0
0
0
0
0
0
0
0
0
0
0
0
0
0
0
0
0
0
0
0
0
0
0
0
0
0
1
1
0
0
2
0
0
0
0
0
0
0
0
0
0
0
0
0
0
0
0
0
0
0
0
0
0
0
0
0
0
0
0
0
0
0
0
0
0
0
0
0
0
0
0
0
0
0
0
0
0
0
0
0
0
0
0
0
0
0
0
0
0
0
0
0
0
0
1
0
0
0
0
0
0
0
0
0
1
0
0
0
0
0
0
0
0
0
0
0
0
0
0
1
0
0
0
0
0
0
0
0
0
0
0
0
0
0
0
0
0
0
0
0
0
0
0
0
0
0
0
0
0
0
0
0
0
0
0
0
0
0
0
0
0
0
0
0
0
0
0
0
0
0
0
0
0
0
0
0
0
0
0
0
0
0
0
0
0
0
0
0
0
0
0
0
0
0
0
0
0
0
0
0
0
0
0
0
0
0
0
0
0
0
0
0
0
0
0
0
0
0
0
0
0
0
0
0
0
0
0
0
0
0
0
0
0
0
0
0
0
0
0
0
0
0
1
0
0
0
0
0
1
0
0
0
0
0
0
0
0
0
0
0
0
0
0
0
0
0
0
0
0
0
0
0
0
0
0
0
0
0
0
0
0
0
0
0
0
0
0
0
0
1
0
0
0
0
0
0
0
0
0
0
0
0
0
0
0
0
0
0
0
0
0
0
0
0
0
0
0
0
0
0
0
0
0
0
0
0
0
0
0
0
0
0
1
0
0
0
0
0
0
0
0
0
0
0
0
0
0
0
0
0
0
0
0
0
0
0
0
0
0
0
0
0
0
0
0
0
0
0
0
0
0
0
0
0
0
0
0
0
0
0
0
0
0
0
0
0
0
0
0
0
0
0
0
0
0
0
0
0
0
0
0
0
0
0
0
0
0
0
0
0
0
0
0
0
0
0
0
0
0
0
0
0
0
0
0
0
0
0
0
0
0
0
0
0
0
0
0
0
0
0
0
0
0
0
0
0
0
0
0
0
0
0
0
0
0
0
0
0
0
0
0
0
0
0
0
0
0
0
0
0
0
0
0
0
0
0
0
0
0
0
0
0
0
0
0
0
0
0
0
0
0
0
0
0
0
0
0
0
0
0
0
0
0
0
0
0
0
0
0
0
0
0
0
0
0
0
0
0
0
0
0
0
0
0
0
0
0
0
0
0
0
0
0
0
0
0
0
0
0
0
0
0
0
0
0
0
0
0
0
0
0
0
0
0
0
0
0
0
0
0
0
0
0
0
0
0
0
0
0
0
0
0
0
0
0
0
0
0
0
0
0
0
0
0
0
0
0
0
0
0
0
0
0
0
0
0
0
0
0
0
0
0
0
0
0
0
0
0
0
0
0
0
0
0
0
0
0
0
1
0
0
0
0
0
0
0
0
0
0
0
0
0
0
0
0
0
0
0
0
0
0
0
0
0
0
0
0
0
0
0
0
0
0
0
0
0
0
0
0
0
0
0
0
0
0
0
0
0
0
0
0
0
0
0
0
0
0
0
0
0
0
0
0
0
0
0
0
0
0
0
0
0
0
0
0
0
0
0
0
0
0
0
0
0
0
0
0
0
0
0
0
0
0
0
0
0
0
0
0
0
0
0
0
0
0
0
0
0
0
0
0
0
0
0
0
0
0
0
0
0
0
0
0
0
0
0
0
0
0
0
0
0
0
0
0
0
0
0
0
0
0
0
0
0
0
0
0
0
0
0
0
0
0
0
0
0
0
0
0
0
0
0
0
0
0
0
0
0
0
0
0
0
0
0
0
0
0
0
0
0
0
0
0
0
0
0
0
0
0
0
0
0
0
0
0
0
0
0
0
0
0
0
0
0
0
0
0
0
0
0
0
0
0
0
0
0
0
0
0
0
0
0
0
0
0
0
0
0
0
0
0
0
0
0
0
0
0
0
0
0
0
0
0
0
0
0
0
0
0
0
0
0
0
0
0
0
0
0
0
0
0
0
0
0
0
0
0
0
0
0
0
0
0
0
0
0
0
0
0
0
0
0
0
0
0
0
0
0
0
0
0
0
0
0
0
0
0
0
0
0
0
0
0
0
0
0
0
0
0
0
0
0
0
0
0
0
0
0
0
0
0
0
0
0
0
0
0
0
0
0
0
0
0
0
0
0
0
0
0
0
0
0
0
0
0
0
0
0
0
0
0
0
0
0
0
0
0
0
0
0
0
0
0
0
0
0
0
0
0
0
0
0
0
0
0
0
0
0
0
0
0
0
0
0
0
0
0
0
0
0
0
0
0
0
0
0
0
0
0
0
0
0
0
0
0
0
0
0
0
0
0
0
0
0
0
0
0
0
0
0
0
0
0
0
0
0
0
0
0
0
0
0
0
0
0
0
0
0
0
0
0
0
0
0
0
0
0
0
0
0
0
0
0
0
0
0
0
0
0
0
0
0
0
0
0
0
0
0
0
0
0
0
0
0
0
0
0
0
0
0
0
0
0
0
0
0
0
0
0
0
0
0
0
0
0
0
0
0
0
0
0
0
0
0
0
0
0
0
0
0
0
0
0
0
0
0
0
0
0
0
0
0
0
0
0
0
0
0
0
0
0
0
0
0
0
0
0
0
0
0
0
0
0
0
0
0
0
0
0
0
0
0
0
0
0
0
0
0
0
0
0
0
0
0
0
0
0
0
0
0
0
0
0
0
0
0
0
0
0
0
0
0
0
0
0
0
0
0
0
0
0
0
0
0
0
0
0
0
0
0
0
0
0
0
0
0
0
0
0
0
0
0
0
0
0
0
0
0
0
0
0
0
0
0
0
0
0
0
0
0
0
0
0
0
0
0
0
0
0
0
0
0
0
0
0
0
0
0
0
0
0
0
0
0
0
0
0
0
0
0
0
0
0
0
0
0
0
0
0
0
0
0
0
0
0
0
0
0
0
0
0
0
0
0
0
0
0
0
0
0
0
0
0
0
0
0
0
0
0
0
0
0
0
0
0
0
0
0
0
0
0
0
0
0
0
0
0
0
0
0
0
0
0
0
0
0
0
0
0
0
0
0
0
0
0
0
0
0
0
0
0
0
0
0
0
0
0
0
0
0
0
0
0
0
0
0
0
0
0
0
0
0
0
0
0
0
0
0
0
0
0
0
0
0
0
0
0
0
0
0
0
0
0
0
0
0
0
0
0
0
0
0
0
0
0
0
0
0
0
0
0
0
0
0
0
0
0
0
0
0
0
0
0
0
0
0
0
0
0
0
0
0
0
0
0
0
0
0
0
0
0
0
0
0
0
0
0
0
0
0
0
0
0
0
0
0
0
0
0
0
0
0
0
0
0
0
0
0
0
0
0
0
0
0
0
0
0
0
0
0
0
0
0
0
0
0
0
0
0
0
0
0
0
0
0
0
0
0
0
0
0
0
0
0
0
0
0
0
0
0
0
0
0
0
0
0
0
0
0
0
0
0
0
0
0
0
0
0
0
0
0
0
0
0
0
0
0
0
0
0
0
0
0
0
0
0
0
0
0
0
0
0
0
0
0
0
0
0
0
0
0
0
0
0
0
0
0
0
0
0
0
0
0
0
0
0
0
0
0
0
0
0
0
0
0
0
0
0
0
0
0
0
0
0
0
0
0
0
0
0
0
0
0
0
0
0
0
0
0
0
0
0
0
0
0
0
0
0
0
0
0
0
0
0
0
0
0
0
0
0
0
0
0
0
0
0
0
0
0
0
0
0
0
0
0
0
0
0
0
0
0
0
0
0
0
0
0
0
0
0
0
0
0
0
0
0
0
0
0
0
0
0
0
0
0
0
0
0
0
0
0
0
0
0
0
0
0
0
0
0
0
0
0
0
0
0
0
0
0
0
0
0
0
0
0
0
0
0
0
0
0
0
0
0
0
0
0
0
0
0
0
0
0
0
0
0
0
0
0
0
0
0
0
0
0
0
0
0
0
0
0
0
0
0
0
0
0
0
0
0
0
0
0
0
0
0
0
0
0
0
0
0
0
0
0
0
0
0
0
0
0
0
0
0
0
0
0
0
0
0
0
0
0
0
0
0
0
0
0
0
0
0
0
0
0
0
0
0
0
0
0
0
0
0
0
0
0
0
0
0
0
0
0
0
0
0
0
0
0
0
0
0
0
0
0
0
0
0
0
0
0
0
0
0
0
0
0
0
0
0
0
0
0
0
0
0
0
0
0
0
0
0
0
0
0
0
0
0
0
0
0
0
0
0
0
0
0
0
0
0
0
0
0
0
0
0
0
0
0
0
0
0
0
0
0
0
0
0
0
0
0
0
0
0
0
0
0
0
0
0
0
0
0
0
0
0
0
0
0
0
0
0
0
0
0
0
0
0
0
0
0
0
0
0
0
0
0
0
0
0
0
0
0
0
0
0
0
0
0
0
0
0
0
0
0
0
0
0
0
0
0
0
0
0
0
0
0
0
0
0
0
0
0
0
0
0
0
0
0
0
0
0
0
0
0
0
0
0
0
0
0
0
0
0
0
0
0
0
0
0
0
0
0
0
0
0
0
0
0
0
0
0
0
0
0
0
0
0
0
0
0
0
0
0
0
0
0
0
0
0
0
0
0
0
0
0
0
0
0
0
0
0
0
0
0
0
0
0
0
0
0
0
0
0
0
0
0
0
0
0
0
0
0
0
0
0
0
0
0
0
0
0
0
0
0
0
0
0
0
0
0
0
0
0
0
0
0
0
0
0
0
0
0
0
0
0
0
0
0
0
0
0
0
0
0
0
0
0
0
0
0
0
0
0
0
0
0
0
0
0
0
0
0
0
0
0
0
0
0
0
0
0
0
0
0
0
0
0
0
0
0
0
0
0
0
0
0
0
0
0
0
0
0
0
0
0
0
0
0
0
0
0
0
0
0
0
0
0
0
0
0
0
0
0
0
0
0
0
0
0
0
0
0
0
0
0
0
0
0
0
0
0
0
0
0
0
0
0
0
0
0
0
0
0
0
0
0
0
0
0
0
0
0
0
0
0
0
0
0
0
0
0
0
0
0
0
0
0
0
0
0
0
0
0
0
0
0
0
0
0
0
0
0
0
0
0
0
0
0
0
0
0
0
0
0
0
0
0
0
0
0
0
0
0
0
0
0
0
0
0
0
0
0
0
0
0
0
0
0
0
0
0
0
0
0
0
0
0
0
0
0
0
0
0
0
0
0
0
0
0
0
0
0
0
0
0
0
0
0
0
0
0
0
0
0
0
0
0
0
0
0
0
0
0
0
0
0
0
0
0
0
0
0
0
0
0
0
0
0
0
0
0
0
0
0
0
0
0
0
0
0
0
0
0
0
0
0
0
0
0
0
0
0
0
0
0
0
0
0
0
0
0
0
0
0
0
0
0
0
0
0
0
0
0
0
0
0
0
0
0
0
0
0
0
0
0
0
0
0
0
0
0
0
0
0
0
0
0
0
0
0
0
0
0
0
0
0
0
0
0
0
0
0
0
0
0
0
0
0
0
0
0
0
0
0
0
0
0
0
0
0
0
0
0
0
0
0
0
0
0
0
0
0
0
0
0
0
0
0
0
0
0
0
0
0
0
0
0
0
0
0
0
0
0
0
0
0
0
0
0
0
0
0
0
0
0
0
0
0
0
0
0
0
0
0
0
0
0
0
0
0
0
0
0
0
0
0
0
0
0
0
0
0
0
0
0
0
0
0
0
0
0
0
0
0
0
0
0
0
0
0
0
0
0
0
0
0
0
0
0
0
0
0
0
0
0
0
0
0
0
0
0
0
0
0
0
0
0
0
0
0
0
0
0
0
0
0
0
0
0
0
0
0
0
0
0
0
0
0
0
0
0
0
0
0
0
0
0
0
0
0
0
0
0
0
0
0
0
0
0
0
0
0
0
0
0
0
0
0
0
0
0
0
0
0
0
0
0
0
0
0
0
0
0
0
0
0
0
0
0
0
0
0
0
0
0
0
0
0
0
0
0
0
0
0
0
0
0
0
0
0
0
0
0
0
0
0
0
0
0
0
0
0
0
0
0
0
0
0
0
0
0
0
0
0
0
0
0
0
0
0
0
0
0
0
0
0
0
0
0
0
0
0
0
0
0
0
0
0
0
0
0
0
0
0
0
0
0
0
0
0
0
0
0
0
0
0
0
0
0
0
0
0
0
0
0
0
0
0
0
0
0
0
0
0
0
0
0
0
0
0
0
0
0
0
0
0
0
0
0
0
0
0
0
0
0
0
0
0
0
0
0
0
0
0
0
0
0
0
0
0
0
0
0
0
0
0
0
0
0
0
0
0
0
0
0
0
0
0
0
0
0
0
0
0
0
0
0
0
0
0
0
0
0
0
0
0
0
0
0
0
0
0
0
0
0
0
0
0
0
0
0
0
0
0
0
0
0
0
0
0
0
0
0
0
0
0
0
0
0
0
0
0
0
0
0
0
0
0
0
0
0
0
0
0
0
0
0
0
0
0
0
0
0
0
0
0
0
0
0
0
0
0
0
0
0
0
0
0
0
0
0
0
0
0
0
0
0
0
0
0
0
0
0
0
0
0
0
0
0
0
0
0
0
0
0
0
0
0
0
0
0
0
0
0
0
0
0
0
0
0
0
0
0
0
0
0
0
0
0
0
0
0
0
0
0
0
0
0
0
0
0
0
0
0
0
0
0
0
0
0
0
0
0
0
0
0
0
0
0
0
0
0
0
0
0
0
0
0
0
0
0
0
0
0
0
0
0
0
0
0
0
0
0
0
0
0
0
0
0
0
0
0
0
0
0
0
0
0
0
0
0
0
0
0
0
0
0
0
0
0
0
0
0
0
0
0
0
0
0
0
0
0
0
0
0
0
0
0
0
0
0
0
0
0
0
0
0
0
0
0
0
0
0
0
0
0
0
0
0
